0.00000000
0.00000000
0.00000000
0.00000000
0.00000000
0.00000000
0.00000000
0.00000000
0.00000000
0.00598826
0.02394770
0.00000000
0.00000000
0.00000000
0.00000000
0.00000000
0.00000000
0.00000000
0.00000000
0.00000000
0.00000000
0.00000000
0.00000000
0.00000000
0.00000000
0.00000000
0.00000000
0.00000000
0.00000000
0.00000000
0.00000000
0.00000000
0.15963547
0.00000053
0.00134100
0.00000000
0.00000000
0.00000000
0.00098878
0.00115821
0.00036344
0.00036291
0.00009567
0.00000321
0.00753717
0.00825123
0.01091238
0.00087119
0.00858100
0.00795246
0.00388777
0.00342064
0.00272796
0.00311546
0.00216142
0.00303315
0.00338109
0.00356495
0.00160824
0.00099092
0.00000107
0.00000053
0.00000107
0.00000214
0.00000000
0.00609302
0.00398932
0.00477981
0.00285463
0.00707271
0.00197008
0.00191663
0.00136879
0.00482417
0.00107002
0.00148050
0.00440515
0.00408072
0.00550349
0.00511386
0.00239926
0.00010903
0.00628543
0.00579745
0.00655267
0.00346661
0.00049867
0.00118654
0.00020524
0.00091930
0.00012560
0.00000000
0.00000000
0.00000000
0.00000534
0.00000000
0.00000000
0.05643845
0.01027101
0.02132129
0.02696160
0.07726642
0.01519139
0.01312244
0.02444262
0.04828770
0.00053608
0.00575470
0.02858801
0.01599364
0.05052608
0.04656616
0.01486376
0.00084982
0.04498464
0.04350041
0.05796972
0.01883598
0.00611172
0.00927368
0.00214378
0.00979533
0.00043987
0.00000000
0.00000000
0.00000000
0.00000053
0.00000214
